"","factor.1","factor.2","factor.3"
"1",87.3527539430652,87.3016934110783,34.267117141746
"2",76.1030114246532,81.402801929973,40.5926934124436
"3",73.5374282565899,54.9998589514289,42.9409236179199
"4",33.5213027191348,7.34192810649984,29.3266235375777
"5",84.8822686171625,50.3892230431084,80.1332213568967
"6",76.1055830931291,1.70378317427821,5.66871159453876
"7",49.6127383483108,16.7112477710471,51.8474068520591
"8",89.7704612410162,17.1961791643407,56.4361132981721
"9",31.6603498444892,69.1646746327169,16.7344399711583
"10",59.9681146489456,74.6161619992927,25.7005306256469
"11",16.2150731191505,91.219407184748,33.9848146827426
"12",40.4225512240082,26.3723989995196,74.9915673718788
"13",99.2549230235163,98.4458538268227,20.3070309394971
"14",67.0705797772389,30.4277989647817,24.1347522442229
"15",90.6974068665877,38.3041591402143,20.4412663497496
"16",78.014915688429,50.2179252312053,91.7292220199015
"17",50.7501749971416,21.8230164595880,48.241859950358
"18",61.8134554158896,59.5672510999721,48.4300548743922
"19",15.1098335438874,15.4786472872365,97.795239197556
"20",39.8300827685744,6.96166344499215,17.5110713115428
"21",39.5008828341961,28.4325853015762,7.49489035643637
"22",6.38899380341172,87.74056492839,41.4678505565971
"23",42.11749435612,85.5581825836562,78.622376960935
"24",30.1873880927451,96.3134714958724,57.2132015172392
"25",66.4231627916452,75.3110934919678,36.6109530506656
"26",56.0483953205403,22.4189960188232,89.9058416485786
"27",87.9094187009614,54.329090396408,36.0863027393352
"28",70.9500086570624,57.2130109379068,11.9454691067804
"29",70.6621889402159,27.9261635530274,26.9797135111876
"30",28.9702618070878,71.8982816727366,97.1765627877321
"31",15.2602502643131,8.50588351907209,8.59991572587751
"32",55.100422695512,11.2488633603789,65.9659845712595
"33",46.0681884502992,63.2715415840503,17.1420265818015
"34",67.767034798162,26.1271749851294,89.7212962910999
"35",12.8857614169829,41.3262760902289,63.6927401644643
"36",51.5464963773265,3.77856603683904,39.3314769854769
"37",90.8252456064802,59.8839173084125,57.4814240406267
"38",67.4654359742999,96.7070264611393,61.6538980330806
"39",56.5628949312959,54.4174924453255,81.589931518305
"40",38.8439805852249,24.0859473620076,35.4407175097149
"41",38.1092381349299,96.5910951031838,57.587166572921
"42",95.8494609787595,16.8271682723425,23.8772705995943
"43",61.5586138297804,37.5396034023724,54.0274334398564
"44",67.1045942695346,91.3997403194662,68.9861954052467
"45",50.4461484074127,55.3075876852963,49.9662634017877
"46",44.9621703764424,24.4829904960934,53.1457480776589
"47",86.0547361583449,13.5708482700866,64.7762251826935
"48",15.2655510113109,37.7744502937421,97.9440456978045
"49",61.0848923183512,78.6748501034454,83.6818469511345
"50",33.0492968135513,18.777202347992,22.3260702923872
"51",22.1017145304941,63.2024683316704,1.350560862571
"52",8.33279198408127,35.5497140665539,10.4337981755380
"53",22.6363484743051,21.0089479899034,26.2147951240186
"54",76.5008299455512,63.9231994207948,85.7410862112883
"55",32.6759983475786,27.9168170751072,6.94510885933414
"56",25.1207776472438,53.3260725454893,93.2144452973735
"57",62.8813768702094,17.4839457964990,75.9942514784634
"58",82.6370993719902,56.5005957507528,92.6471898099408
"59",67.1679128236137,26.8283858455252,5.93929674383253
"60",22.0244763782248,54.4436686134432,45.7007611324079
"61",52.0299563128501,44.8477895385586,92.418769554235
"62",79.9187536842655,51.4495545625687,77.8528935902286
"63",23.1397595165763,69.7728113462217,90.2997934236191
"64",6.45869847084396,65.3480780853424,84.3452235728037
"65",55.6616356563754,37.2822483957279,1.71714322804473
"66",16.4013253003359,60.5753311049193,93.324403970968
"67",89.1884778758977,25.6064965287223,97.484968714416
"68",42.3912700496148,21.5597229059786,97.9033005603123
"69",82.5947508832905,55.2134005117696,84.247210636735
"70",16.3001476824284,73.5243451744318,28.9500115083065
"71",62.338080187561,73.5085105397739,69.3538037596736
"72",58.4542145987507,15.7856733808294,95.2159954467788
"73",34.8498936423566,49.4167074281722,67.2005295266863
"74",59.18502145214,85.1168166161515,58.4982674678322
"75",35.8448441189248,81.167535847053,9.73496275697835
"76",80.9421938117594,6.83856069832109,29.794953069184
"77",82.71502497443,83.978851379361,80.8084656218998
"78",4.71346235647798,89.4002755708061,2.51428445894271
"79",38.445922318846,2.06050209118985,27.2238432387821
"80",76.4454810097814,83.2170157765504,99.5221971680876
"81",32.1933762419503,3.7114089964889,18.0507016701158
"82",18.2840767349117,54.9748675883748,62.1661104613449
"83",12.0542095524725,62.1099984475877,23.5027734523173
"84",85.5036392305046,68.8484400168527,97.5671341768466
"85",78.4253866670188,21.9805860132910,51.3595596733503
"86",26.0389515063725,24.5770747964270,38.2399466750212
"87",74.5948969831225,35.6032599208411,39.032604013104
"88",46.6525887015741,76.191968246596,85.9177369789686
"89",15.3426812423859,77.0145074236207,66.0290996609256
"90",33.0985908908769,47.852653342532,71.4107713731937
"91",44.7152843941003,96.7299934835173,77.4311220962554
"92",4.43449167045765,79.562005493557,26.0328817805275
"93",59.0189094357193,57.7364412464667,67.3165886290371
"94",1.25564746838063,64.7878807177767,38.0564976097085
"95",50.4340696008876,92.2209375810344,13.2719612140208
"96",32.7898316271603,34.7015977969859,47.9074576704297
"97",38.154364176793,14.3319575830828,99.135613861261
"98",99.5621197579894,95.0945364122745,41.2024339612108
"99",43.0177703311201,56.8883666056208,26.3022721901070
"100",15.8738414468244,39.8636992063839,65.4064274008851
"101",8.4258631344419,24.2576563900802,86.1720217866823
"102",34.7392278797925,32.581605266314,17.0509102065116
"103",7.24245095043443,55.8857618609909,73.8942384754773
"104",25.9365696751047,57.4155862573534,80.579371561762
"105",77.9386282199994,59.6689057885669,13.6131663785782
"106",60.6497680544853,59.575882144738,37.971774285892
"107",5.44134957506321,84.4518265703227,49.9070921840612
"108",61.4674953569192,6.30275310575962,72.8277852288447
"109",26.2738894231152,94.9276738802437,80.8408033710439
"110",74.0795745251235,47.8217317536473,37.55348625849
"111",9.07607256365009,59.4237220198847,72.3889539341908
"112",3.67050103214569,23.8336139870808,49.126319315983
"113",35.2166704826523,30.8146414945368,47.7460446977057
"114",83.9450008433778,98.0116887984332,9.42417995934375
"115",54.087889316259,87.9491765969433,31.3651060853153
"116",47.4996555862017,65.712795779109,41.9292793092318
"117",77.4406147126574,31.0845795546193,71.2488065778743
"118",57.0284141323064,45.1500772878062,25.1359844396356
"119",9.16058424022049,99.02612301521,5.27039235341363
"120",33.3339872076176,69.3806875008158,44.9028243918438
"121",55.8669479836244,22.6541178764310,9.5883217570372
"122",52.5387261656579,40.2973672025837,2.56131417350844
"123",72.900826694211,23.7096002260223,80.2606727837119
"124",7.21496711950749,10.6662639316637,35.0527283921838
"125",88.3007143053692,51.924951388035,82.1433552519884
"126",51.3516189830843,32.5318112063687,79.4042600665707
"127",43.3929351284169,12.8114593112841,27.0348882793915
"128",30.3848537977319,18.1160698279273,87.2723208670504
"129",55.117323057726,9.25576992682181,55.5311418522615
"130",37.1109884784091,6.51163757382892,78.7350874636322
"131",46.8296366247814,22.8419761518016,37.7945516188629
"132",6.01057827775367,22.6522489865310,24.7483786935918
"133",75.1484716497362,65.7375694557559,59.0699347008485
"134",70.5066121944692,19.4276396518108,19.6039473398123
"135",19.0977730124723,96.9038275126368,91.9171819007024
"136",93.0238309286069,37.2149484900292,98.688722038176
"137",17.0443922688719,23.0852621025406,4.8591085774824
"138",11.0309730968438,88.3699920363724,78.2375665397849
"139",82.295889389934,9.55202861083671,80.3902372715529
"140",71.4443219795357,54.4655651599169,99.3645715101156
"141",18.5367124136537,93.3490787621122,80.5723493311089
"142",9.19778141658753,9.117483276641,56.9647413191851
"143",11.3179302278440,15.1698486306705,51.2845919691026
"144",68.5283993694466,29.7510950437281,55.3390310392715
"145",28.3867627969012,97.1974649010226,53.7301863848697
"146",8.32557949679904,9.515442334814,58.2835956853814
"147",30.4699153145775,72.1867364465725,38.4730383371934
"148",4.80685680941679,60.1404872932471,14.9399374858476
"149",92.9751477516256,61.7348895932082,22.4571069295052
"150",40.9971876037307,11.9718075024430,20.5552716071252
"151",65.4128843245562,5.51314450684004,49.0655898563564
"152",27.9904571550433,50.3085262493696,35.2514358593617
"153",68.1469926610589,24.2400723809842,15.7844444345683
"154",86.480716648046,96.1697704610415,81.1425490709953
"155",20.8769345760811,68.8022553699557,79.3854882558808
"156",91.1768088084646,7.79481916781515,67.7669949904084
"157",42.967965045711,25.5709819041658,59.4279247228988
"158",71.9811840972397,75.3457630719058,23.1474269002210
"159",87.8716533363331,67.7187132793479,98.5793344110716
"160",85.7153956424445,90.2349062550347,62.8889173392672
"161",40.16721366602,90.897171601886,27.955705009168
"162",39.792093724478,58.0318969755899,52.2777805780061
"163",64.2236797781661,39.6054297508672,77.307299859589
"164",50.2595132696442,7.9230621396564,37.2810139635112
"165",17.6066286601126,91.7764270314947,26.7768379163463
"166",1.73511086218059,72.0182545895223,91.8338878066279
"167",71.0510048696306,97.7625973466784,90.0678294019308
"168",22.7978901134338,80.3985022786073,26.7605695454404
"169",97.694350099424,16.485286537325,60.7106905598193
"170",74.1262636263855,42.4946232868824,10.0566848267335
"171",23.3902736748569,71.9743704481516,59.2385819894262
"172",56.5690375189297,8.26005282253027,20.4496610604692
"173",99.6501542017795,39.1023908776697,4.49742738320492
"174",82.5877693593502,16.1000224645250,57.5328591850121
"175",11.0317820217460,34.9315778389573,22.2844041597564
"176",17.0528842285275,34.3141912280116,65.6344716381282
"177",1.87463164492510,25.9244760472793,28.9306319551542
"178",85.42890654644,86.5966115405317,91.1301487965975
"179",31.78802568838,21.1541965713259,69.3101506507955
"180",92.0427699235734,31.8016391794663,41.4762869882397
"181",43.0680209470447,16.1782178007998,80.723788905656
"182",66.8348516062833,26.3689345493913,96.9884066802915
"183",43.977044462692,36.2391406563111,38.2074366253801
"184",33.2538290286902,8.52741660946049,88.310691829538
"185",46.8991431754548,35.8247190981638,62.6590610540006
"186",40.2188644453418,3.52224782970734,18.7781310649589
"187",35.771263231989,43.0092226129491,21.1925945265684
"188",88.1608136778232,1.15409814240411,42.5305917013902
"189",65.0575236196164,40.4220341611654,21.8375500699040
"190",53.8005794475321,85.3784625160042,40.5815863576718
"191",22.1588840198237,49.6221400084905,94.1867985695135
"192",67.8603864468168,9.56317284563556,23.3679844676517
"193",64.5034794658422,88.828901559813,23.2538647889160
"194",41.9810812058859,66.1400570089463,49.4980809306726
"195",72.0133752007969,19.0876983315684,34.1099947625771
"196",26.7676776151638,12.0892575711478,39.5811394376215
"197",43.5208778940141,49.9682642542757,22.670055084629
"198",1.99332135519944,39.9770350849722,45.712576912716
"199",74.8291230164468,52.1736117082182,46.3516501516569
"200",84.8375665612984,69.2682796707377,38.7148871519603
"201",10.5939048915170,29.0895717069507,17.0232721464708
"202",68.1323984977789,2.02485525049269,79.6190349066164
"203",61.3353891659062,8.48768870183267,96.097306012176
"204",49.3958306931891,99.4155572210439,32.0325195866171
"205",55.8223956851289,99.950852937065,51.6828576645348
"206",88.5186573308893,20.0078309073579,97.7846067701466
"207",40.4709901376627,3.46296742302366,76.6681388914585
"208",67.9139820204582,49.0079478833359,45.1325096904766
"209",93.4142757258378,85.2040876131505,37.0555835075211
"210",43.3531615121756,40.5132189495489,7.1227584858425
"211",34.7847224948928,23.6965686150361,48.1460542124696
"212",2.57784965052269,27.0606824820861,71.2151007282082
"213",43.995209752582,27.527294264175,84.9069947411772
"214",38.8114542621188,59.1844105517957,61.3221653620712
"215",57.0706923638936,71.2326843915507,63.9459712537937
"216",39.8782487213612,66.121350545669,87.0210262739565
"217",26.1603021356277,45.132693562191,87.420653177891
"218",67.9935277316254,39.4940277638379,64.8633343440015
"219",72.7038201268297,27.2004075360019,93.207434476586
"220",12.2072686594911,84.4929982984904,42.6033327991609
"221",95.6027766168118,21.8004559972323,60.26668006205
"222",9.45577348559164,92.6790302733425,44.2290062217508
"223",33.9644097629935,48.6542367914226,65.8571172340307
"224",90.7555849188939,27.9104035550263,32.4081162761431
"225",46.1572538388427,33.5819989172742,86.9695065582637
"226",7.88346981350332,6.29167117574252,31.0891434086952
"227",81.803628045367,66.6677785334177,34.9089768773410
"228",9.36900620535016,15.0181989301927,97.3313034554012
"229",4.34711348987184,93.2393989502452,45.7065996644087
"230",91.4419852204155,44.0297423219308,71.6066045453772
"231",9.22678372776136,27.8684734741691,85.9628872235771
"232",46.2518309531733,33.0955299120396,91.8020438856911
"233",40.6524368061218,23.1016408610158,16.2239480123390
"234",75.1834433951881,81.286184113007,97.9185031114612
"235",68.7597741810605,66.5222323504277,89.6540443298873
"236",96.0821044752374,58.1120581279974,95.0666433244478
"237",83.2355778992642,79.7704754262231,83.056684366893
"238",1.09781657112762,54.9168111491017,22.157977799885
"239",60.8939218004234,77.0537783373147,78.3290164289065
"240",75.6150203663856,46.2832644646987,12.9384225110989
"241",66.2290773573332,7.19249616120942,43.0668060383759
"242",64.1583507827017,21.0498894001357,31.6764264605008
"243",18.8896642539185,99.8521516979672,98.4887396164704
"244",23.9323764706496,88.5679765560199,12.6697419334669
"245",44.5695244662929,45.9860498874914,8.16585488454439
"246",54.7724074970465,35.6379844986368,98.4879985745065
"247",87.7030761435162,27.0527931477409,33.3485997649841
"248",1.3493205064442,5.47336708731018,59.8177068028599
"249",5.45437120529823,23.2433875356801,9.45451593399048
"250",5.22481219889596,4.79253692086786,24.8085227925330
"251",19.2068453354295,83.3310806648806,33.4874149339739
"252",78.4908648896962,92.7590294978581,1.1601865158882
"253",18.3303654997144,90.7005063854158,89.1563623079564
"254",20.5888000852428,55.09929722175,68.3816154811066
"255",43.057021606015,70.5535813791212,98.0101154355798
"256",91.3861049306579,58.1596259963699,3.80324684409425
"257",11.6593006625772,32.2034065511543,44.46264691744
"258",61.5837360029109,67.059110672446,55.1661441212054
"259",37.548450981034,53.4327170564793,47.2902195490897
"260",89.1922352714464,89.610238536261,52.8654512655921
"261",51.5235651289113,32.7585490255151,92.7910177363083
"262",79.6306565578561,16.5608750535175,39.0188436689787
"263",20.0935242080595,94.0984699586406,96.8503988918383
"264",1.86767273326404,74.7795923745725,13.0865806774236
"265",64.3383070921991,70.739523926517,26.3060559320729
"266",99.6678088828921,97.4471241952851,18.1079564683605
"267",88.8575656779576,42.3966509883758,43.3834472142626
"268",64.0299195826519,14.3016617619433,58.7910564462654
"269",68.3942656568252,94.4142540346365,2.11997079523280
"270",62.8053253209218,38.3567153327167,41.3687854234595
"271",9.65787355531938,65.1361632030457,72.9057190832682
"272",74.0237143812701,50.7418964365497,48.1616585291922
"273",84.7838086909615,81.5070153789129,92.8257268243469
"274",79.1551583113614,36.9218155329581,53.7810957764741
"275",52.0830734788906,32.5190063174814,81.8946397725958
"276",39.2324136272073,39.3178414353170,70.4693696782924
"277",30.2480374067090,64.9786599187646,33.4187356331386
"278",39.9006316969171,7.86779353395104,57.6097789444029
"279",7.88938203710131,9.68582104169764,18.5681515494362
"280",93.2971702120267,99.3999884708319,22.6836729322094
"281",5.93227926152758,39.7834659067448,70.2380551891401
"282",83.7731231336948,22.2499222317711,23.2633657264523
"283",83.9733789772727,65.5994258092251,22.3192730781157
"284",54.6764109493233,21.6627018535510,55.6459848473314
"285",76.8649177916814,14.4127593936864,97.9559470405802
"286",24.4812515634112,28.0627682046033,62.5087355202995
"287",83.0444456378464,67.7847922602668,87.694631275488
"288",35.7184507669881,39.4760102028958,80.291593127884
"289",85.2591189166997,17.8091247328557,43.0641065563541
"290",39.0581249322277,71.0295570420567,6.65787740750238
"291",94.8568312458228,52.7698957379907,91.6571797130164
"292",94.9969131865073,26.0882717918139,74.7221514226403
"293",93.2078706331085,85.4515750682913,44.2498246857431
"294",56.3156439946033,96.588091473328,15.1431169519201
"295",43.4415322819259,8.15010936209,97.8949047201313
"296",21.6055447882973,21.275812093867,60.1635013381019
"297",81.7340042381547,96.4981834373903,19.2829403344076
"298",31.6859642784111,31.2101403090637,48.7335510782432
"299",42.1266023332719,30.7319926456548,93.940296189161
"300",32.9470421734732,77.0843274113722,78.0669686482288
"301",54.668846369721,49.5835800331552,89.1408081254922
"302",80.0715378250461,41.2173207472079,79.5282337202225
"303",36.5638415769208,25.6376453698613,61.9706404225435
"304",73.6506625527982,80.320721500786,16.9116786580998
"305",45.4622868257575,6.73285387083888,78.4205683153123
"306",80.2056625250261,72.7090552728623,10.1601643101312
"307",84.6612547242548,35.5466840441804,61.9694643304683
"308",94.6977167732548,55.6943138344213,81.2646957170218
"309",66.5441622275393,40.6637219700497,37.2484189737588
"310",97.6236433922313,88.5684306686744,95.4449842364993
"311",70.8766828670632,66.3168918327428,18.5290495709050
"312",35.1971978757065,56.3247039811686,65.7204065974802
"313",33.5381126783323,64.423823482357,41.8093131231144
"314",24.5379605090711,7.18508756253868,72.9946418830659
"315",12.4879106488079,89.2246373537928,46.6264942004345
"316",8.53328683553264,12.6101165569853,49.6635095768142
"317",96.0033071590587,29.0477292400319,23.1504433921073
"318",79.8183172005229,21.8886456382461,83.7318025471177
"319",31.0854336810298,13.2661676760763,64.8058734536171
"320",48.2258666839916,29.0720549814869,82.6299099810421
"321",65.1271689787973,87.1334397282917,8.22037848364562
"322",10.7375129878055,63.5735489963554,94.2387555942405
"323",55.8195296882186,2.07676707371138,6.34712692629546
"324",69.3365836446173,3.79059687582776,59.3714987649582
"325",45.8297944967635,44.9338759609964,15.2394239632413
"326",5.6855898515787,8.1971772017423,55.6571437651291
"327",6.23184097488411,43.299040554557,18.2427857678849
"328",14.0591815782245,68.7970675230026,47.5983618733007
"329",53.175197563367,98.315958683379,79.9613048075698
"330",8.2418590656016,84.2032570911106,60.6663057212718
"331",81.7758447227534,65.5483308862895,44.3287718514912
"332",24.2205672732089,87.1669933311641,62.3416950404644
"333",68.2420962888282,50.1232937413733,22.4170436870772
"334",83.128359691007,60.937658696901,87.1637935899198
"335",95.0229343418032,89.4184698578902,23.3210351984017
"336",60.3786412016489,30.9238278008997,65.6979528577067
"337",31.5253741298802,72.5846053783316,26.0110318416264
"338",74.5335586285219,33.6658097284380,54.2440942039248
"339",92.83085451019,83.4054041842464,95.7465778279584
"340",89.6401980314404,66.2633977723308,32.8252577157691
"341",28.9874907734338,2.73983376193792,4.93603787967004
"342",42.8084963141009,32.9253277468961,75.6875914686825
"343",52.0705339212436,8.52058233041316,15.7121914485469
"344",43.7610992470291,89.4472510020714,66.6412356130313
"345",82.8739838579204,7.09695948869921,25.5366041401867
"346",39.7557881311513,12.5888041725848,99.0049311835319
"347",68.6507849080954,57.6882226699963,18.6778722524177
"348",95.5753394395579,1.89507291489281,30.56659327331
"349",16.9287998185027,36.2597740960773,24.6747196663637
"350",14.1289140442386,18.9880444263108,9.73875120119192
"351",1.58277470269240,61.1728704734705,39.3987714513205
"352",59.0274045071565,42.8620794867165,68.9945696243085
"353",25.0484349266626,44.7728881267831,63.6224600709975
"354",54.7340187849477,37.7684776785318,66.2778411409818
"355",76.583871293813,56.1644785795361,78.8839074021671
"356",13.4038157656323,56.1444857979659,58.3924922272563
"357",50.0581287944224,78.7832009771373,69.9027649911586
"358",13.8879571813159,77.7730734199286,13.5672773739789
"359",54.9647924003657,3.64636697643436,25.6490904563107
"360",71.8300866573118,30.385541893309,58.6087405995931
"361",91.7425943363924,99.6010649488308,20.8007941220421
"362",75.1974271882791,21.3704515360296,32.7053947255481
"363",80.7625811812468,61.8613517270423,36.5662861464079
"364",59.2596928456333,5.83396953064948,17.4841527414974
"365",10.8835400217213,30.8728913713712,21.8829838554375
"366",32.9900013781153,27.3119343630970,83.574231356848
"367",55.5214783875272,38.7786688313354,24.3233992063906
"368",68.2838508191053,1.41527619166300,57.2529894246254
"369",40.3110895138234,66.6203116481192,81.8407600817736
"370",94.562829341041,28.7839626264758,62.8009595375042
"371",40.4733529479709,21.9051999473013,85.5706421339419
"372",41.9514005493838,16.6745154717937,77.4493153230287
"373",22.1844131217804,70.3886298497673,23.698396083666
"374",89.7799177377019,57.4073259294964,81.2200279138051
"375",76.0151249172632,47.5517354686745,90.6293671405874
"376",41.9090426561888,56.9827997712418,25.3473092820495
"377",23.5370196455624,38.8855698453262,69.1837191737723
"378",85.790131069487,30.8267177424859,17.5558639548253
"379",28.538098691497,51.6076260581613,36.7306889188476
"380",98.9431869834661,57.1444499078207,19.7094409987330
"381",52.5058827174362,29.1398037443869,11.9954294972122
"382",59.515765590826,54.0516165234149,67.5347096715122
"383",16.7657082586084,14.2345767766237,54.4290431018453
"384",20.5529606137425,53.269507156685,56.9818623643368
"385",22.0269478012342,71.1486409113277,29.4532642415725
"386",97.8085428474005,85.2921969702002,95.9494871222414
"387",62.5476506766863,47.3280050826725,12.4845103013795
"388",44.299320867518,55.6074136695825,11.8748811313417
"389",4.90190301905386,24.8464870806783,96.668531579664
"390",93.9600511845201,79.7455677585676,60.1617670154665
"391",76.6892331514973,79.918635574868,91.1558343635406
"392",34.9927220644895,47.6455106423236,19.3783851056360
"393",44.6352960723452,85.3883858721238,90.759062553756
"394",88.0570534425788,76.9549755619373,63.5072517066728
"395",8.37113208323717,52.4740678858943,26.5729569164105
"396",95.6839505273383,49.8923757392913,93.2151301198173
"397",96.6793534799945,23.9742580077145,64.3910165687557
"398",80.8681762611959,32.5916825288441,58.2276434327941
"399",52.0581452043261,12.6303163296543,88.7780385452788
"400",98.3681892221794,29.7559044058435,89.3235599673353
"401",64.5524299794342,96.1577214354184,66.5202136109583
"402",13.3143286961131,48.4465531944297,19.4371447844896
"403",69.810788842151,86.3580420825165,31.8076034043916
"404",75.8828600023407,81.2810015676077,11.2970814297441
"405",50.3163517576177,82.1623016451485,87.0156480551232
"406",26.0967138016131,73.8506989351008,43.2952797475737
"407",56.4979194803163,16.4195335097611,32.6261183102615
"408",38.3153501439374,80.6688612129074,73.3550598092843
"409",78.2561029845383,40.2800523049664,35.8604304795153
"410",4.52977313078009,48.5931397266686,36.02034839103
"411",79.7753999473061,94.6424543219618,46.8032268194947
"412",19.1303932422306,25.0930662413593,36.0640375965741
"413",86.0875538594555,31.1836130628362,67.3301740218885
"414",19.9380015381612,92.6511057219468,28.0815711561590
"415",72.1569765203167,39.3536340456922,93.2344759735279
"416",80.4322056849487,89.7577681688126,69.6780877937563
"417",75.9516141703352,15.3003972943407,43.1612806483172
"418",19.9382218292449,33.9625715068541,57.968796107918
"419",47.5730190402828,23.9208420645446,42.2711964494083
"420",63.1151525711175,49.9256265312433,24.7092132577673
"421",98.256579921348,95.3339063357562,94.6174750833306
"422",66.8132918237243,71.6672993605025,25.7371838856488
"423",10.9454720811918,43.3669663663022,67.5358263861854
"424",14.353737403173,56.0803782113362,93.2909447357524
"425",11.6547869427595,28.7085380665958,66.977316387929
"426",54.2774432359729,75.5890861565713,71.1215819653589
"427",75.2988543019164,71.8787221664097,47.7081983806565
"428",37.7964497364592,14.1147691761144,70.7141252197325
"429",84.6740834470838,61.1703458274715,86.6553525025956
"430",44.4960788611788,19.2129195791204,43.0453764896374
"431",9.60628459672444,9.69470773660578,96.4512645022478
"432",15.8646466163918,30.5420080784243,83.0168375892099
"433",14.0277337986045,74.1336136083119,50.269299269421
"434",16.0201532663777,9.96750755235553,23.4365785748232
"435",80.491254874738,55.719282562146,46.7351318651345
"436",13.7171792213339,78.3236405381467,71.9284095498733
"437",98.8246143453289,45.9660196262412,3.23179171932861
"438",73.5980015047826,41.2302190586925,3.77407472184859
"439",24.196234340081,4.72465571132489,87.0781957863364
"440",57.0711862382013,11.3243802133948,69.1617162274197
"441",43.4997731230687,17.3378208912909,10.0471036974341
"442",37.5226874351501,35.9953269935213,68.2522346344776
"443",90.2243815644179,92.5372118433006,59.5760538228787
"444",55.7795035105664,72.8236665208824,65.6171728756744
"445",7.6441767856013,27.9725225288421,89.396924458677
"446",45.186052801786,42.6327962072100,1.99706316879019
"447",7.27276417450048,45.3476042833645,52.6469016962219
"448",61.4735512987245,40.1492061549798,35.1162844097707
"449",2.17306000133976,12.0333846574649,64.0001796178985
"450",65.6510701114312,86.4932333629113,64.9645870365202
"451",91.578443964012,40.7337183151394,46.6134699885733
"452",97.3125931427348,20.8393559183460,19.3894961250480
"453",61.9075314411893,96.5074138573837,66.6351954606362
"454",95.3773202293087,99.1189891337417,13.3974252727348
"455",4.88952469779179,23.1908103213646,39.5583011046983
"456",94.1305518501904,23.8772613795009,42.9142258691136
"457",14.8784922473133,59.9264089621138,82.0398071019445
"458",21.1955516641028,59.3033708257135,56.4345934810117
"459",34.0446867197752,36.3578618532047,54.452878956683
"460",30.725927276304,22.5460741010029,76.9752697483636
"461",70.265672941925,82.7696971553378,8.25209728791378
"462",39.8924860439729,64.5617682053708,49.61734689679
"463",5.40539697301574,70.7766860434785,60.2310212813318
"464",34.8006612705067,76.8151474504266,83.8700113797095
"465",64.4976087096147,15.8580990592018,57.3155661299825
"466",25.2171567135956,23.0005213988479,79.9960918053985
"467",41.4744807258248,5.21836739964783,40.527638461208
"468",62.1497133548837,1.48188793263398,64.328760907054
"469",44.5505154456478,91.6782313992735,88.0457161390223
"470",94.0196639064234,97.5356865124777,19.9095297050662
"471",9.7309316629544,49.8826153252739,54.4967228292953
"472",23.1360921552405,1.26184175768867,34.3037845545914
"473",8.1098800888285,51.6046316022985,18.6237970034126
"474",22.8907030781265,3.66039359685965,64.4907733702566
"475",37.8826616904698,58.83351587574,56.3163733039983
"476",19.7614692025818,28.1410454153083,85.0130247329362
"477",69.0792268631049,6.55134250037372,38.2206057310104
"478",91.1854066147935,64.3319219008554,97.946156269405
"479",59.6719545507804,55.5698348735459,26.0837046876550
"480",41.1358370876405,17.8002666893881,65.0475639363285
"481",11.3176504671574,38.7238179419655,57.6299200542271
"482",65.843527069781,93.4689372805879,46.7114160789642
"483",86.1494942400604,50.6517992734443,8.67428511520848
"484",96.272516877856,43.3466338703874,97.786954620853
"485",9.26844398258254,70.8157494589686,7.89351900084876
"486",41.2053056284785,82.4045653641224,35.3413703569677
"487",39.2688509756699,83.9773167409003,87.63850142085
"488",75.4756533978507,88.9556979681365,14.8635175938252
"489",98.0281888702884,14.2822226930875,76.6927883503959
"490",55.1419860010501,69.257169872988,55.8206419541966
"491",73.0559551820625,10.6376687106676,7.41466145939194
"492",72.2868087827228,79.9830022461247,10.2716265274212
"493",3.36522357538342,56.6761777482461,90.9748147928622
"494",37.3014347648714,35.924431942869,68.7456633350812
"495",91.9690824062563,83.1346929501742,25.7121437021997
"496",48.0039692986757,48.821487558540,35.9115405234043
"497",88.8682742402889,87.6183461581822,35.4032784902956
"498",85.98770093848,3.70618325495161,12.7547768042423
"499",9.3570341214072,21.0808934166562,40.7535151466727
"500",90.472994239768,33.8395209920127,63.8154581566341
"501",98.0011945802253,89.5021440964192,48.7553061193321
"502",99.9914785590954,2.19615617417730,3.13321887003258
"503",75.5795922032557,2.24757612845860,41.4377002054825
"504",94.2576763555408,24.3450708978344,22.5944925691001
"505",17.7827557034325,72.5288943925407,47.9588767027017
"506",67.1269521664362,14.4870650260709,38.2284016427584
"507",58.8027305137366,54.7767492621206,6.00728843314573
"508",10.7023971322924,68.3367659728974,25.2806139609311
"509",38.9325086497702,70.3113052821718,23.2085675299168
"510",44.8366014622152,12.9334210252855,97.7754716167692
"511",64.1411208712962,33.5839256171603,99.4935294771567
"512",18.1377778926399,83.18504033098,10.4901640876196
"513",75.4984560720623,77.1730119870044,8.5330647926312
"514",3.41781538049690,38.8159264915157,90.0692046710756
"515",91.9546579157468,26.2775917055551,39.5587628008798
"516",16.6001833316404,71.507707609795,39.1659077559598
"517",45.8288471321575,56.0688288456295,15.3618423254229
"518",88.5289957756177,31.049191982951,4.25104442611337
"519",80.114257745212,84.3869277844205,55.6390535729006
"520",61.6717353642453,8.51648072572425,28.347946917871
"521",93.6834704850335,14.6792717971839,36.8264424710069
"522",2.25225779227912,35.02485630312,37.3440628990065
"523",37.3640886885114,48.0949073343072,51.0136687420309
"524",85.5054021584801,65.0608132798225,84.3639903585427
"525",20.9867402883247,3.53354963590391,55.8120989382733
"526",46.2012023595162,41.7616031731013,46.2310250746086
"527",40.5718193743378,78.6412052677479,57.536666207714
"528",85.2245214839932,97.692664551083,12.3127489262260
"529",48.6101317827124,82.440902121365,15.6066297683865
"530",26.7108802027069,17.0552425440401,11.6776390366722
"531",90.070046650013,75.9408581245225,25.6748121429700
"532",13.3282267653849,24.5667166437488,34.5295514056925
"533",83.2810730906203,98.6131559959613,75.3581158304587
"534",5.47848241822794,48.5241700850893,49.3181220856495
"535",92.6645369317848,84.6189197199419,13.9933199149091
"536",32.7869190918282,44.6773360336665,89.1628753589466
"537",43.8236673085485,29.5478602340445,51.4429033254273
"538",12.5373583559413,41.3120321983006,15.6736239588354
"539",36.7660290531348,3.18524603662081,32.6784668893088
"540",4.46939700818621,58.4209449517075,22.7559367057402
"541",5.96240215981379,63.0386428984348,92.0204241280444
"542",39.9137036458123,36.1352298338898,63.4584341237787
"543",33.4225906233769,67.3204609761015,7.1525787806604
"544",1.66040991828777,2.68791958759539,44.4111164603382
"545",96.6354737412184,43.3942111663055,74.9498716196977
"546",49.7574498592876,96.3207415626384,67.063433997333
"547",19.5765809959266,26.0880644780118,78.8055877329316
"548",8.20015024393797,16.2618118475657,48.3120098100044
"549",26.7189061557874,78.2111863770988,37.6886223105248
"550",63.2343218184542,68.8724151412025,93.5900126209017
"551",84.1567908625584,8.50671650841832,67.8797347669024
"552",19.5156503769103,52.6894625006244,87.3686262879055
"553",92.5627776873298,18.7295590362046,29.7329461195040
"554",8.9147732516285,53.5474194451235,80.4133737592492
"555",92.6270887614228,99.0945393128786,44.3321617571637
"556",46.4449409937952,5.28495371621102,85.6337114458438
"557",23.0070633087307,85.2499638709705,2.10422815405764
"558",12.8676784625277,85.0826547176111,14.9795942143537
"559",59.8605169416405,35.5574902012013,14.8549942858517
"560",82.6146932539996,78.4689647704363,3.61260218732059
"561",77.5988100110553,55.6898213208187,46.8774576308206
"562",54.8582939126063,50.2051261048764,26.5103263887577
"563",85.6426572876517,81.0115965211298,98.8452683689538
"564",1.26030190987512,9.17687715962529,43.1234649880789
"565",34.8118626698852,83.3871492750477,64.5222929283045
"566",45.8445030353032,81.1727028565947,82.5229803617112
"567",3.82358577102423,63.6319587035105,7.93697408516891
"568",75.7283966520336,15.7047214901540,70.0957616476808
"569",22.4317614687607,87.7578360536136,47.4878401055466
"570",45.8003200937528,87.2205944368616,65.5004131384194
"571",20.9772674951237,86.4035839044955,90.8274707838427
"572",52.7885362314992,71.461137747392,7.9103563206736
"573",4.07618798082694,18.8157242443413,90.9352500347886
"574",88.8126096315682,92.4246872407384,33.5380457635038
"575",90.0528931501321,98.678802093491,60.8302881957497
"576",5.34582790825516,60.634550267132,15.0105773473624
"577",89.755166143179,33.3073332542554,15.0252462625504
"578",67.2292293265928,38.7429019911215,50.8694927571341
"579",3.94500467507169,18.9722021159250,72.7691120805684
"580",82.5207464022096,70.0739660612307,5.27645518723875
"581",84.1524224975146,19.8489887272008,87.5415939048398
"582",7.40763016999699,10.1836877421010,90.9570356174372
"583",42.1345074109267,64.3815232377965,11.2992941369303
"584",93.5444825545419,79.1549700601026,86.6767723471858
"585",42.8762845159508,37.350570948096,16.2492761393078
"586",71.5670812085737,35.6941046491265,78.3519395866897
"587",57.436742822174,17.9638764876872,82.9706642599776
"588",75.3261856785975,79.134401575895,89.9286494629923
"589",2.70307454001158,81.8400465387385,38.5335085969418
"590",75.4443518258631,59.4462204771116,77.4095986178145
"591",1.23765908903442,93.4216792073566,66.6892595533282
"592",86.089902401669,5.94516720040701,57.9929439015687
"593",81.2822205100674,13.6323335007764,67.8828634442762
"594",32.2856539341155,7.70721958973445,97.8420678218827
"595",22.1410714676604,10.7065676110797,51.5688002444804
"596",17.7130615008064,98.7966775312088,1.82590478775091
"597",36.8832015278749,88.4734351465013,94.4765903952066
"598",4.81022387230769,46.686529340921,83.4707137483638
"599",34.2082832641900,80.2045357143506,85.162167950999
"600",18.3060167310759,81.8694046072196,96.0200396233704
"601",17.7039281683974,21.8803195480723,67.2704029218294
"602",64.464844646398,82.844141918933,1.59479242609814
"603",65.7334903711453,6.53975482517853,82.653370693326
"604",21.0303445537575,54.9674986822065,65.1111770954449
"605",4.91558160400018,35.9261119591538,44.8594554692972
"606",4.20637424872257,21.7422079874668,83.9146838851739
"607",36.4096229278948,91.683718714863,95.5797279274557
"608",29.2301223741379,78.4981681718491,70.7169744130224
"609",28.2122009566519,64.1481314846314,27.3721563487779
"610",77.1192947542295,12.6399273090065,4.84953832789324
"611",65.0053474102169,65.8738921799231,20.0371948766988
"612",58.2074699373916,67.6992670418695,52.3043486231472
"613",62.7414655934554,36.5037076431327,59.8074062296655
"614",61.4299863569904,95.9572014822625,37.2360382552724
"615",45.5329799333122,80.5945813967846,18.8021536036395
"616",87.3406607992947,2.30058502755128,3.32742073107511
"617",76.0779001081828,38.3984512384050,47.2415552502498
"618",74.5808752032463,89.3049892468844,95.775460877223
"619",38.0160468467511,22.5378835923038,91.429738907842
"620",94.8294961350039,36.680938516045,4.09035820420831
"621",2.14731457293965,47.2476271889172,57.9659252474084
"622",46.0930298946332,16.3793626918923,65.9021747244988
"623",33.7768793080468,18.6116182741243,51.4607206259388
"624",71.1957221892662,67.0533485058695,11.4150424529798
"625",96.9518345801625,31.5712461695075,68.9245710202958
"626",38.1902979929,5.23878421331756,12.8149515138939
"627",27.2572525471915,60.407264336478,18.3784653444309
"628",23.3529269946739,39.9514010353014,20.5935434775893
"629",35.1985470750369,35.6809760888573,61.5114138892386
"630",43.9598228032701,22.7207197749522,84.4236209674273
"631",6.01149625331163,22.3159059691243,37.4047570917755
"632",73.18482502806,92.4280257443897,38.2013454628177
"633",88.0622707246803,43.4952196876984,12.4655021566432
"634",72.9216774976812,72.0749342383351,23.0352162879426
"635",29.2650606506504,42.2046282272786,19.6473590896931
"636",76.2246768048499,27.6138749988750,52.8125091430265
"637",38.6492907507345,45.3664090558887,71.1771601357032
"638",40.2621114091016,45.2238974592183,72.3478517024778
"639",27.6764387961011,40.9786648047157,10.3051331539173
"640",47.6198960470501,88.555003561778,13.8888943577185
"641",76.6365567520261,84.7001006377395,45.8677190463059
"642",79.4671123605222,65.8442924988922,61.178141693119
"643",48.490418757312,20.0954689101782,73.3844803899992
"644",82.1637926495168,92.8591906926595,47.0169059436303
"645",3.38532552286051,21.9781893652398,47.494458403904
"646",39.2402060814202,69.4595346515998,46.9744923149701
"647",91.2065926839132,39.9764451372903,54.6180462592747
"648",34.1731521033216,89.5208784735296,67.9184542268049
"649",82.7377872185316,83.5778527560178,77.791208767565
"650",32.4705736043397,32.1350844828412,77.8390007764101
"651",83.5995199987665,26.7709994304460,90.0071565997787
"652",4.4534777791705,47.924761711387,2.91439053113572
"653",46.1016413697507,93.2315524432342,76.3517502078321
"654",45.5065095750615,6.91282311151735,52.088008695282
"655",80.9406583665404,49.716934670927,57.5088942258153
"656",93.9447133745998,86.7520662352908,93.5174041080754
"657",83.5208910184447,75.476026027929,28.6447374860290
"658",92.8715697745793,17.0913199861534,96.5418415712193
"659",36.347065676935,8.19377097650431,51.0291290869936
"660",62.4605792025104,62.5245288258884,42.2327396238688
"661",97.169130078517,70.8904537681956,37.6824475217145
"662",57.0567920126487,76.6867183709983,28.8152765764389
"663",1.58546093082987,19.6751612904482,52.0034786476754
"664",98.9512017571833,32.5757270187605,4.95025547128171
"665",30.5867990390398,63.8013983438723,75.0814919117838
"666",92.3942414778285,30.3036329569295,77.7928949613124
"667",84.3672325352672,97.3672613820527,1.83597626467235
"668",31.2662077436689,4.14939125883393,64.8317100456916
"669",94.3381925045978,17.7192124787252,94.0692413172219
"670",81.5513103676494,19.4315721138846,49.8472045189701
"671",86.8300810421351,34.5220732644666,60.7851184275933
"672",65.5262003568932,93.3510157654528,87.4442089032382
"673",12.9688472752459,35.0534589693416,85.2386615115684
"674",46.1636857760604,99.3461246616207,70.0111913313158
"675",52.1651720264927,21.9472929472104,4.34605995588936
"676",13.1005078821909,23.8050601412542,38.0250017934013
"677",94.4773643068038,20.3914112297352,21.1254876204766
"678",79.8808767795563,27.1252058949322,78.0090377405286
"679",26.9740630690940,18.8453873596154,3.38537987531163
"680",29.7159326036926,30.9931002533995,10.9373485334218
"681",91.910830570152,8.12714114109986,87.5601267998572
"682",92.7079445095733,93.7096345978789,17.0708473678678
"683",82.5657526059076,88.8430550487246,5.02000308129936
"684",16.9624172013719,89.887263759505,52.7892259405926
"685",33.3559356171172,62.2718771502841,54.6903005822096
"686",42.2400276698172,49.5059675911907,83.6879145102575
"687",81.5997787395027,60.0092356204987,7.46750667877495
"688",32.6209702480119,29.0725544339512,54.6438670388889
"689",2.98796323523857,41.3569552137051,36.6257072056178
"690",1.19321402022615,50.8579590886366,9.22066531982273
"691",93.168660825584,99.5703090219758,53.5079319975339
"692",91.8073157968465,94.78703677468,57.1971653313376
"693",86.1725756376982,92.9506808274891,34.7102594063617
"694",57.6627121695783,97.7500499289017,75.3658973358106
"695",87.422123344848,81.4267649990506,86.0109108872712
"696",16.5243851735722,48.8559347728733,7.59145271824673
"697",65.8547609238885,1.31142119690776,33.6951970246155
"698",65.1734544013161,67.6113122596871,2.23023857246153
"699",44.6477958222385,61.1903873141855,75.3986508650705
"700",4.18734930036590,8.84074060316198,61.0978835453279
"701",98.892960270634,36.782653181348,48.9268092396669
"702",87.7508043493144,23.6653657210991,66.4667539184447
"703",71.0739259298425,33.3635727127548,6.51576056913473
"704",42.1147793843411,68.5912113946397,56.3663569060154
"705",60.7808602196164,52.442269973224,5.08113781013526
"706",79.4802331298124,4.22516551380977,41.0236895408016
"707",24.5983018949628,30.0695766194258,16.6018839087337
"708",63.6891311432701,71.598799436586,60.3432053166907
"709",89.0984510621056,15.7531698544044,95.752531034872
"710",63.154122241307,16.2116039667744,12.7452179875690
"711",25.5483030788600,26.7084717068356,37.7558096849825
"712",10.2044930674601,78.4945263501722,88.7578962368425
"713",64.9459135811776,2.58567283069715,17.2708666007966
"714",92.4095229760278,62.3135364139453,87.2509569884278
"715",19.1078981964383,6.24720229604281,63.5050288573839
"716",21.1891666802112,38.7552453912795,88.0014307622332
"717",77.9330535901245,72.3148442057427,70.268688027747
"718",16.2019704442937,37.2334764753468,96.2327677179128
"719",10.8654113125522,6.00734059582464,76.1429683824535
"720",77.2563781361096,34.1470862305723,10.0747023415752
"721",12.55168414535,11.3987576472573,30.5409424200188
"722",85.1096203101333,88.312158838613,82.5590237586293
"723",36.9371349487919,50.6340980078094,13.1965005574748
"724",34.236200946616,12.4831922429148,84.741055278806
"725",15.2965763492975,96.2798923763912,39.0438667261042
"726",68.1592072795611,38.6480103102513,42.4824599090498
"727",98.3765228267293,84.3058856520802,56.2965339908842
"728",83.3382293030154,28.3731787640136,7.11197231337428
"729",55.4324697947595,59.9632922864985,80.7803251128644
"730",17.510126828216,56.1714100153185,90.02948881872
"731",68.795913582202,25.2042985095177,87.9576435931958
"732",33.2501803841442,48.5707004163414,32.3075461471453
"733",9.61000672541559,55.9707997282967,77.0548112182878
"734",87.926762618823,79.6858148220927,91.275273506064
"735",33.2437424538657,9.99398941267282,92.2048555712681
"736",62.1148000187241,3.68235498364083,76.4619773935992
"737",40.6467172133271,27.3839116913732,64.9974047145806
"738",80.6559441385325,22.7398473198991,8.80172119056806
"739",35.5232721061911,99.8930601463653,47.2401985365432
"740",39.9942836209666,65.614681030158,70.403043598868
"741",76.5333304984961,75.646682789782,77.2904442609288
"742",73.6146021217573,82.8875624970533,4.10608480242081
"743",25.9275816283189,88.9002644841094,42.3616255358793
"744",9.1684187380597,19.8127716928720,31.6032970815431
"745",98.5871844447684,91.4255599696189,46.766001567943
"746",69.5795539454557,6.00361791392788,66.6013531535864
"747",34.3409227684606,2.08847071463242,80.2365809329785
"748",20.4542962319683,76.576676186407,76.1836392981932
"749",51.3319691659417,95.8589863725938,88.1772560779937
"750",73.1472655942198,48.6890339083038,59.0781758739613
"751",31.4873972332571,3.64809496025555,17.6042445052881
"752",8.93002729699947,11.8684052603785,70.3314375637565
"753",73.6377979868557,81.3307629423216,66.0037686757278
"754",27.3656685377937,77.360393814044,77.626112252241
"755",15.0537925709505,18.5985611926299,8.6577502375003
"756",93.3143722326495,36.8898641748820,57.0366790010594
"757",59.3662866461091,9.23415355593897,68.1707922348287
"758",35.797958583571,54.8867976933252,24.6759165727999
"759",39.8401683291886,81.398318843916,36.8966189997736
"760",20.4750022338703,28.6270485983696,13.9787751252297
"761",94.8421495838556,77.5261735152453,75.9003010999877
"762",65.713440471096,8.28688917239197,78.956651289016
"763",71.336011858657,91.076436842326,6.80041074054316
"764",40.1300313340034,57.5125088943169,37.9443168013822
"765",2.28654155740514,51.2450719054323,71.2832316870335
"766",16.2382128338795,77.3860042602755,32.7255642563105
"767",66.2909674653783,83.7946813949384,16.3362679057755
"768",91.5420640336815,49.1586109416094,72.5381566679571
"769",30.0036486636382,90.508000122616,41.5146202645265
"770",1.11848767497577,93.6042939694598,90.6122401484754
"771",7.45210174657404,41.8476940903347,19.2769313920289
"772",41.2368171880953,69.3714539459907,43.6358907001559
"773",10.4793511307798,57.5677322985139,81.930173206143
"774",9.84925747918896,73.3000533769373,58.6528451242484
"775",55.4668795063626,74.6302573324647,17.1571741120424
"776",18.2289898111485,4.48331135092303,1.11178054101765
"777",2.65704331547022,86.9520563327242,20.0410394482315
"778",51.8529630878475,3.47303004865535,20.6017402329016
"779",67.4613485916052,69.027350629447,35.0858218662906
"780",93.5842981913593,40.4435316389427,63.9315213619266
"781",15.7409229425248,81.5890228550415,8.4859740640968
"782",91.2131695840508,75.8529717093334,51.9685202252585
"783",40.74339127657,49.0447673816234,37.3256618974265
"784",22.2008114268538,11.5558874716517,41.4909639018588
"785",91.154531103326,5.70432724826969,74.6630949489772
"786",86.6442639802117,12.268235928379,8.54673835262656
"787",53.1847659689374,22.1035949224606,48.8844141664449
"788",22.3093481084798,46.7025970595423,63.3292539755348
"789",36.3746653352864,62.8412668127567,31.8581684716046
"790",50.4905413135421,62.21032048692,2.23725024610758
"791",51.5357018145733,5.6664845040068,84.6108412814792
"792",51.620206322521,10.9091489005368,44.6140641332604
"793",2.63044975372031,79.5680148277897,60.9299389200751
"794",42.9319993280806,48.72323780437,63.6155783545692
"795",18.7086968689691,72.6008583747316,19.4749240484089
"796",7.20905229123309,19.7311975150369,35.7318094146904
"797",13.6239524357952,48.2230173985008,1.97806258453056
"798",14.4668850996532,36.6067586918361,40.4442929881625
"799",67.3735981497448,70.8320383215323,50.2952954152133
"800",59.6155899064615,80.5060128329787,34.6756676901132
"801",86.3215838505421,60.8107589082792,16.3250805439893
"802",92.0521662591491,75.8665666680317,25.8941042064689
"803",56.4436042322777,28.4644959529396,14.3594311336055
"804",53.3484206690919,26.7406287421472,49.3435409613885
"805",78.474022591021,61.8938254264649,5.02067965175956
"806",90.4158979810309,42.661567555042,97.850974662695
"807",40.6595144264866,4.40099087567069,51.7476225977298
"808",50.4143308098428,45.7112278055865,14.8224089080468
"809",53.7849909202196,1.47796123311855,27.0733701144345
"810",14.3740564147010,60.0287543740124,12.9483895704616
"811",9.21147182630375,29.9951397620607,65.9140397401061
"812",58.4218810447492,45.630608944688,59.7374799803365
"813",40.0391832634341,11.9955293508247,13.7408090070821
"814",17.8547628817614,71.8721004335675,99.8816633271053
"815",68.5798907564022,90.5428563402966,84.4362882925197
"816",29.1348709021695,45.6407329991926,79.4670711697545
"817",56.5084669676144,63.7621899193618,66.4312408382539
"818",77.1569226242136,60.351786296349,36.2648118168581
"819",95.5166498795152,66.0397720574401,65.8096062997356
"820",49.7196350288577,88.0678990385495,29.2744723837823
"821",18.4286248197313,95.1368734911084,40.1241312578786
"822",10.3695410850924,37.0879651673604,69.8627593973652
"823",52.1970625780523,21.7878958557267,67.431572253583
"824",58.8210725989193,58.154229775304,21.8542855076957
"825",15.6662643419113,28.8812876513693,52.5805457436945
"826",24.7414142729249,95.1716797589324,75.5846624709666
"827",55.1173246481922,62.1835159924813,39.4719243184663
"828",19.3611288708635,58.4053520679008,86.6343793945853
"829",72.5559687591158,36.9177079121582,5.88473861548118
"830",32.960622679675,60.2226584260352,94.9325597460847
"831",79.658678865293,28.998832779238,33.5439808990341
"832",31.7187726211268,11.0958576838020,80.4451586715877
"833",71.4096100793686,6.74503407534212,41.0340122191701
"834",51.1671848890837,59.786041774787,71.6983187284786
"835",96.1539437787142,89.321453752229,44.7959838386159
"836",35.1827998699155,11.5992933898233,7.46294824150391
"837",74.635670057498,31.3934630129952,79.3997908337042
"838",82.4527123235166,4.60843364382163,6.27904582512565
"839",87.1853585587814,30.9254629153293,17.1375127006322
"840",57.1196283097379,92.4363326798193,95.989447952481
"841",7.84624910284765,24.1085112818982,30.2438741195947
"842",76.6968598284293,56.6222715957556,14.2118374214042
"843",31.2312099975534,41.9262841157615,29.0553011726588
"844",59.9587456278969,8.36925934394822,14.6136331218295
"845",34.7435382965486,76.6888102719095,76.38598386175
"846",5.35519676795229,5.916695459513,25.0184495230205
"847",2.69163473206572,88.159281067783,56.2929499561433
"848",36.7010781045537,81.9749725800939,44.2239253278822
"849",63.914919384988,53.6762255111244,88.4555924907327
"850",30.8960596914403,87.8133350003045,59.5302580334246
"851",75.1575065576471,90.867116194684,82.2643894245848
"852",5.3844512947835,57.947405859828,52.2619971609674
"853",36.1477644818369,13.8164605426136,20.9986102136318
"854",4.20455925026909,45.4428084101528,5.66170999384485
"855",75.3829043745063,23.5714114471339,73.4166913628578
"856",74.2727248575538,64.5631997170858,57.9864813536406
"857",41.2875353549607,34.1685484875925,6.24967201333493
"858",2.12790929572657,55.2132820796687,95.6232100266498
"859",61.0786253977567,63.7905631666072,10.0167870619334
"860",13.8907066592947,25.1555919134989,67.7078100116923
"861",87.7566313561983,49.3279796103016,2.27737630042247
"862",9.2785921015311,91.2928448836319,62.4793662033044
"863",30.6917538987473,75.361820717575,17.5183795955963
"864",61.2777493135072,31.505373649532,48.2382872793823
"865",19.7555986999068,58.9892669504043,87.9632160332985
"866",42.8381702399347,51.7979159948882,77.4695935817435
"867",32.7527084420435,37.3337547422852,1.71980875707231
"868",12.7840744811110,43.94613004243,11.7302926855627
"869",20.0618396564387,83.5564770987257,20.9103326129261
"870",96.082257690141,30.5886740833521,87.2894072216004
"871",24.8454179186374,47.9685322381556,2.66542272083461
"872",97.2695032202173,1.71479173540138,41.4775219275616
"873",21.1088653823826,60.313511175802,85.7711101088207
"874",15.2805758682080,63.6872134560253,60.5558855358977
"875",99.9109702010173,70.7452455938328,8.14519449905492
"876",46.1393010951579,63.0697426656261,50.85908767418
"877",98.0045936368406,43.4762925184332,68.129598608939
"878",2.80849920958281,33.8120859584305,81.1968346994836
"879",91.033847478684,49.2882796626072,32.0880268313922
"880",41.3313915824983,4.71969062183052,51.4549078640994
"881",95.1653453242034,76.5059837473091,87.6861533073243
"882",71.6022467603907,14.3523675047327,12.5804932494648
"883",48.7972146251705,51.5187495662831,14.6195027255453
"884",82.8901272965595,43.8307118057273,5.71676771296188
"885",86.8562264381908,36.7351061964873,49.5837769743521
"886",80.1422353582457,97.6172340672929,48.1824591984041
"887",60.404635157669,22.5622184616514,15.8458995616529
"888",85.3950994140469,87.6261421851814,78.4641618854366
"889",32.5748386627529,9.40070334239863,61.6142719844356
"890",40.3471033603419,93.1046610218473,72.3384655781556
"891",83.7882749512792,99.5603267725091,41.6252063654829
"892",36.1962970255408,16.2497061414178,11.7167199242394
"893",87.8586321671028,87.5133236460388,46.8780403868295
"894",95.505689147627,15.4383354710881,52.6975580654107
"895",70.1369818965904,77.8202042097691,63.3418983656447
"896",73.7280105163809,86.0625099418685,85.2223068636376
"897",44.2162487010937,3.51959511660971,24.0792153337970
"898",41.1344419491943,85.1271728556603,35.4689803232905
"899",68.2090232602786,82.9779413109645,58.8405862352811
"900",72.1802102338988,40.6541500608437,82.0493276321795
"901",67.6920287844259,77.7058967638295,32.1858924995176
"902",82.3118088955525,34.3454884204548,82.1483390352223
"903",40.5926725980826,38.1296786903404,35.3228103087749
"904",43.0140941415448,32.0622827399056,45.9505635916721
"905",56.6761147519574,42.5049526498187,55.170302890474
"906",30.7116938491818,41.0895631902386,47.3474710742012
"907",2.79589356691577,15.3400011225604,17.394070076989
"908",34.503275844967,44.3813761037309,69.2601078557782
"909",28.9977688034996,36.1807809220627,94.5507371884305
"910",88.820399319753,36.5801790524274,30.2046194793656
"911",43.9482813437935,69.0838098949753,45.3342825390864
"912",64.1076435416471,35.4897050880827,98.2019241291564
"913",57.7112462576479,52.624596837908,58.4261892717332
"914",82.8589755280409,80.4691979216877,99.9785270937718
"915",45.2575570240151,39.475603896426,99.3649755807128
"916",53.4173683668487,94.6436234759167,36.0598992037121
"917",32.7279281038791,15.9753616834059,21.0851359043736
"918",32.2028981090989,58.8205569190904,1.18190700467676
"919",20.7682712103706,93.5609657766763,47.2652875864878
"920",54.338230436435,21.7287067049183,54.7958716899157
"921",96.3923626265023,40.0469871044625,32.8518917076290
"922",26.9801474779379,76.8649317370728,96.4548299815506
"923",90.504118232755,2.30108337360434,54.6325523937121
"924",8.56080455030315,10.9093375666998,19.8769190872554
"925",36.342450536089,84.5206937997136,37.5362215412315
"926",75.189707895508,44.2291108928621,30.3164594438858
"927",54.2556530663278,86.981815383071,8.24655734864064
"928",18.5298582422547,19.3179861172102,88.4916536824312
"929",44.5511389775202,38.3436013862956,4.73998658312485
"930",38.1593037035782,93.056226072833,62.4980031009763
"931",68.9947003652342,16.6018017577007,91.229520728346
"932",70.772504200926,46.7914751879871,88.1093125867192
"933",30.5349335006904,47.9315107045695,80.9957004806492
"934",20.3858538644854,17.1440110225230,98.0125239314511
"935",49.392952779308,21.5309212931897,67.4341259659268
"936",63.5570203883108,57.5580775006674,83.1472059078515
"937",44.2058029344771,3.33178317220882,13.0441155545413
"938",77.2348924600519,23.5942808517721,72.1244740311522
"939",22.4289956481662,20.8573612626642,37.0743788986001
"940",69.547615357209,71.3334405359346,99.3800825886428
"941",96.7033061534166,56.7246935574804,19.6622314923443
"942",42.4206120290328,31.4639760521241,85.342479856452
"943",79.8701276949141,32.5369157728273,92.240699721966
"944",72.6263239271939,26.1026892520022,79.6642617241014
"945",83.660752230091,44.269404407125,19.1206850830931
"946",11.1387044724543,67.9926981306635,8.61567941191606
"947",62.728002989199,23.0737057756633,59.6664420643356
"948",27.3270323122852,84.768038020702,57.3580333273858
"949",19.25597322057,69.1902260934003,84.1310534556396
"950",59.6964283438865,11.4713009509724,21.1502623804845
"951",10.0266924158204,94.9062726832926,49.4988449076191
"952",68.6185771622695,1.88081498537213,61.3913187140133
"953",45.5382159552537,89.2695079990663,30.9158177755307
"954",85.6912769151386,37.9624303665478,26.0107336638030
"955",79.8361561221536,30.8805637108162,15.7529161404818
"956",34.5042221492622,70.4313989360817,51.6476278025657
"957",45.870257407194,10.7559129060246,74.4543471457437
"958",46.3776292633265,15.860036223894,91.571773433825
"959",19.7942619633395,83.1579751614481,66.6652328656055
"960",53.7857321465854,95.3891841846053,30.5671806163155
"961",43.5017322315834,1.97295343107544,45.9590166655835
"962",40.2670510280877,78.1641883796547,65.8946359150577
"963",61.7865134037565,86.1988855893724,62.1546430392191
"964",27.6682842688169,12.1789489579387,53.9464189447463
"965",44.7350131582934,1.52527345134877,84.5474685593508
"966",39.3753903545439,87.66018360015,69.88438780047
"967",1.02465791837312,39.8668804152403,86.2551326083485
"968",40.3741566590033,81.2231759072747,67.821126505034
"969",63.556775133824,23.2207516068593,7.53990017902106
"970",73.0650783954188,39.4111382935662,24.8107912582345
"971",25.7470161702950,29.7336784484796,74.9940536853392
"972",69.6153512811288,33.6554140038788,81.4924004012719
"973",73.9338531603571,71.9181299293414,21.4500286646653
"974",25.956044702325,31.8783590702806,34.8951840554364
"975",60.104344088817,47.5452529361937,14.5029151965864
"976",62.3389472682029,43.7138021497522,56.9806741017383
"977",67.1914082264993,60.8000335192773,33.9925865991972
"978",44.3504775881302,78.522705053445,3.67138298018835
"979",57.564608830493,79.0481396259274,48.2461134791374
"980",77.0284605599009,47.7680822655093,28.0135642075911
"981",40.017931570299,99.8219492533244,9.21431366656907
"982",83.3801721767522,1.46505457744934,6.60165615868755
"983",12.2924596264493,96.419722954277,10.8301342898048
"984",68.8554968459066,12.1489188368432,14.7654335016850
"985",18.2319663569797,64.8747787158936,64.9787557385862
"986",42.5671247774735,45.4545059888624,3.6641909154132
"987",87.307139904704,35.0243689289782,99.3554705863353
"988",49.9768836125731,25.0440352133010,57.2140635729302
"989",88.9276515040547,86.8606703158002,92.7018559516873
"990",9.6496693547815,84.9884101490024,53.5569735825993
"991",75.4596003852785,83.746345170075,46.4093951361720
"992",27.676169938175,52.3092928982805,78.7316050112713
"993",63.356029910734,23.1328341660555,90.2727422916796
"994",62.532367795473,26.7530775049236,42.6404109902214
"995",65.4404239139985,52.8737859535031,22.0750175653957
"996",69.9154461694416,7.03571052290499,55.2362470044754
"997",56.9916515911464,49.8760231197812,51.6669113745447
"998",13.757997128414,81.1844561016187,39.9597199338023
"999",9.81636246759444,38.3573938624468,61.065655376995
"1000",17.2978861308657,30.3413367313333,20.7947083301842
